Estadísticas de Entrenamiento del Agente RL
============================================================

mean_reward: -490.53999786396196
std_reward: 0.0
mean_aic: 490.53999786396196
std_aic: 0.0
best_aic: 490.53999786396196
best_config: (3, 1, 2)
